106.6525367 10.7902854
106.6560217 10.7779374
106.6560358 10.7778896
106.6560711 10.777746
106.6562253 10.7771342
106.6563748 10.7766006
106.6564097 10.7764919
106.6565488 10.7760081
106.656688 10.7754926
106.6567892 10.7751066
106.656863 10.7748669
106.6571144 10.7739624
106.6571379 10.7738452
106.6572439 10.7734769
106.6573404 10.773168
106.6574323 10.7728228
106.6575329 10.7724473
106.6576415 10.7720494
106.6577595 10.7716483
106.6581076 10.7704288
106.6586118 10.7685475
106.659218 10.7663737
106.6599314 10.7638836
106.6600421 10.763622
106.660095 10.7634454
106.6601554 10.7632761
106.6603022 10.7627142
106.660372 10.7623559
106.660484 10.7620209
106.6605839 10.7617129
106.6607267 10.7612478
106.6608655 10.7607801
106.6609755 10.7603835
106.6611076 10.759904
106.6612283 10.759425
106.6613416 10.7590449
106.6614516 10.7586082
106.6615414 10.7582511
106.6616762 10.7578183
106.6618418 10.7571971
106.6619444 10.7568499
106.6621523 10.7561786
106.6623293 10.7555857
106.6624092 10.755381
106.6628553 10.7554771
106.6637994 10.7556767
106.6647449 10.7558855
106.6662066 10.7562206
106.6662698 10.7560041
@
106.6525367 10.7902854
106.6560217 10.7779374
106.6560358 10.7778896
106.6560711 10.777746
106.6562253 10.7771342
106.6563748 10.7766006
106.6564097 10.7764919
106.6565488 10.7760081
106.656688 10.7754926
106.6567892 10.7751066
106.656863 10.7748669
106.6571144 10.7739624
106.6571379 10.7738452
106.6572439 10.7734769
106.6573404 10.773168
106.6574323 10.7728228
106.6575329 10.7724473
106.6576415 10.7720494
106.6577595 10.7716483
106.6581076 10.7704288
106.6586118 10.7685475
106.659218 10.7663737
106.6599314 10.7638836
106.6600421 10.763622
106.660095 10.7634454
106.6601554 10.7632761
106.6603022 10.7627142
106.660372 10.7623559
106.660484 10.7620209
106.6605839 10.7617129
106.6607267 10.7612478
106.6608655 10.7607801
106.6609755 10.7603835
106.6611076 10.759904
106.6612283 10.759425
106.6613416 10.7590449
106.6614516 10.7586082
106.6615414 10.7582511
106.6616762 10.7578183
106.6618418 10.7571971
106.6619444 10.7568499
106.6621523 10.7561786
106.6623293 10.7555857
106.6624092 10.755381
106.6628553 10.7554771
106.6637994 10.7556767
106.6647449 10.7558855
106.6662066 10.7562206
106.6665549 10.7567039
106.6688963 10.7598514
106.6694185 10.7576613
106.6696064 10.756647
106.6662698 10.7560041
@
106.6525367 10.7902854
106.6560217 10.7779374
106.6560358 10.7778896
106.6560711 10.777746
106.6562253 10.7771342
106.6563748 10.7766006
106.6564097 10.7764919
106.6565488 10.7760081
106.656688 10.7754926
106.6567892 10.7751066
106.656863 10.7748669
106.6571144 10.7739624
106.6571379 10.7738452
106.6572439 10.7734769
106.6573404 10.773168
106.6574323 10.7728228
106.6575329 10.7724473
106.6576415 10.7720494
106.6577595 10.7716483
106.6581076 10.7704288
106.6586118 10.7685475
106.659218 10.7663737
106.6599314 10.7638836
106.6670388 10.7677627
106.6678592 10.7682218
106.6684375 10.7679682
106.6743695 10.7677038
106.6740166 10.7671416
106.6706673 10.7623758
106.6688963 10.7598514
106.6665549 10.7567039
106.6662066 10.7562206
106.6662698 10.7560041
@
@
